/*--------------------------------*- C++ -*----------------------------------*\
| =========                 |                                                 |
| \\      /  F ield         | OpenFOAM: The Open Source CFD Toolbox           |
|  \\    /   O peration     | Version:  3.0.x                                 |
|   \\  /    A nd           | Web:      www.OpenFOAM.org                      |
|    \\/     M anipulation  |                                                 |
\*---------------------------------------------------------------------------*/
FoamFile
{
    version     2.0;
    format      ascii;
    class       vectorField;
    location    "constant/polyMesh";
    object      points;
}
// * * * * * * * * * * * * * * * * * * * * * * * * * * * * * * * * * * * * * //


164
(
(-0.0092 -0.0092 0)
(0.0092 -0.0092 0)
(-0.0092 0.0092 0)
(0.0092 0.0092 0)
(-0.0092 -0.0092 0.0075)
(0.0092 -0.0092 0.0075)
(-0.0092 0.0092 0.0075)
(0.0092 0.0092 0.0075)
(-0.0092 -0.0092 0.015)
(0.0092 -0.0092 0.015)
(-0.0092 0.0092 0.015)
(0.0092 0.0092 0.015)
(-0.0092 -0.0092 0.0225)
(0.0092 -0.0092 0.0225)
(-0.0092 0.0092 0.0225)
(0.0092 0.0092 0.0225)
(-0.0092 -0.0092 0.03)
(0.0092 -0.0092 0.03)
(-0.0092 0.0092 0.03)
(0.0092 0.0092 0.03)
(-0.0092 -0.0092 0.0375)
(0.0092 -0.0092 0.0375)
(-0.0092 0.0092 0.0375)
(0.0092 0.0092 0.0375)
(-0.0092 -0.0092 0.045)
(0.0092 -0.0092 0.045)
(-0.0092 0.0092 0.045)
(0.0092 0.0092 0.045)
(-0.0092 -0.0092 0.0525)
(0.0092 -0.0092 0.0525)
(-0.0092 0.0092 0.0525)
(0.0092 0.0092 0.0525)
(-0.0092 -0.0092 0.06)
(0.0092 -0.0092 0.06)
(-0.0092 0.0092 0.06)
(0.0092 0.0092 0.06)
(-0.0092 -0.0092 0.0675)
(0.0092 -0.0092 0.0675)
(-0.0092 0.0092 0.0675)
(0.0092 0.0092 0.0675)
(-0.0092 -0.0092 0.075)
(0.0092 -0.0092 0.075)
(-0.0092 0.0092 0.075)
(0.0092 0.0092 0.075)
(-0.0092 -0.0092 0.0825)
(0.0092 -0.0092 0.0825)
(-0.0092 0.0092 0.0825)
(0.0092 0.0092 0.0825)
(-0.0092 -0.0092 0.09)
(0.0092 -0.0092 0.09)
(-0.0092 0.0092 0.09)
(0.0092 0.0092 0.09)
(-0.0092 -0.0092 0.0975)
(0.0092 -0.0092 0.0975)
(-0.0092 0.0092 0.0975)
(0.0092 0.0092 0.0975)
(-0.0092 -0.0092 0.105)
(0.0092 -0.0092 0.105)
(-0.0092 0.0092 0.105)
(0.0092 0.0092 0.105)
(-0.0092 -0.0092 0.1125)
(0.0092 -0.0092 0.1125)
(-0.0092 0.0092 0.1125)
(0.0092 0.0092 0.1125)
(-0.0092 -0.0092 0.12)
(0.0092 -0.0092 0.12)
(-0.0092 0.0092 0.12)
(0.0092 0.0092 0.12)
(-0.0092 -0.0092 0.1275)
(0.0092 -0.0092 0.1275)
(-0.0092 0.0092 0.1275)
(0.0092 0.0092 0.1275)
(-0.0092 -0.0092 0.135)
(0.0092 -0.0092 0.135)
(-0.0092 0.0092 0.135)
(0.0092 0.0092 0.135)
(-0.0092 -0.0092 0.1425)
(0.0092 -0.0092 0.1425)
(-0.0092 0.0092 0.1425)
(0.0092 0.0092 0.1425)
(-0.0092 -0.0092 0.15)
(0.0092 -0.0092 0.15)
(-0.0092 0.0092 0.15)
(0.0092 0.0092 0.15)
(-0.0092 -0.0092 0.1575)
(0.0092 -0.0092 0.1575)
(-0.0092 0.0092 0.1575)
(0.0092 0.0092 0.1575)
(-0.0092 -0.0092 0.165)
(0.0092 -0.0092 0.165)
(-0.0092 0.0092 0.165)
(0.0092 0.0092 0.165)
(-0.0092 -0.0092 0.1725)
(0.0092 -0.0092 0.1725)
(-0.0092 0.0092 0.1725)
(0.0092 0.0092 0.1725)
(-0.0092 -0.0092 0.18)
(0.0092 -0.0092 0.18)
(-0.0092 0.0092 0.18)
(0.0092 0.0092 0.18)
(-0.0092 -0.0092 0.1875)
(0.0092 -0.0092 0.1875)
(-0.0092 0.0092 0.1875)
(0.0092 0.0092 0.1875)
(-0.0092 -0.0092 0.195)
(0.0092 -0.0092 0.195)
(-0.0092 0.0092 0.195)
(0.0092 0.0092 0.195)
(-0.0092 -0.0092 0.2025)
(0.0092 -0.0092 0.2025)
(-0.0092 0.0092 0.2025)
(0.0092 0.0092 0.2025)
(-0.0092 -0.0092 0.21)
(0.0092 -0.0092 0.21)
(-0.0092 0.0092 0.21)
(0.0092 0.0092 0.21)
(-0.0092 -0.0092 0.2175)
(0.0092 -0.0092 0.2175)
(-0.0092 0.0092 0.2175)
(0.0092 0.0092 0.2175)
(-0.0092 -0.0092 0.225)
(0.0092 -0.0092 0.225)
(-0.0092 0.0092 0.225)
(0.0092 0.0092 0.225)
(-0.0092 -0.0092 0.2325)
(0.0092 -0.0092 0.2325)
(-0.0092 0.0092 0.2325)
(0.0092 0.0092 0.2325)
(-0.0092 -0.0092 0.24)
(0.0092 -0.0092 0.24)
(-0.0092 0.0092 0.24)
(0.0092 0.0092 0.24)
(-0.0092 -0.0092 0.2475)
(0.0092 -0.0092 0.2475)
(-0.0092 0.0092 0.2475)
(0.0092 0.0092 0.2475)
(-0.0092 -0.0092 0.255)
(0.0092 -0.0092 0.255)
(-0.0092 0.0092 0.255)
(0.0092 0.0092 0.255)
(-0.0092 -0.0092 0.2625)
(0.0092 -0.0092 0.2625)
(-0.0092 0.0092 0.2625)
(0.0092 0.0092 0.2625)
(-0.0092 -0.0092 0.27)
(0.0092 -0.0092 0.27)
(-0.0092 0.0092 0.27)
(0.0092 0.0092 0.27)
(-0.0092 -0.0092 0.2775)
(0.0092 -0.0092 0.2775)
(-0.0092 0.0092 0.2775)
(0.0092 0.0092 0.2775)
(-0.0092 -0.0092 0.285)
(0.0092 -0.0092 0.285)
(-0.0092 0.0092 0.285)
(0.0092 0.0092 0.285)
(-0.0092 -0.0092 0.2925)
(0.0092 -0.0092 0.2925)
(-0.0092 0.0092 0.2925)
(0.0092 0.0092 0.2925)
(-0.0092 -0.0092 0.3)
(0.0092 -0.0092 0.3)
(-0.0092 0.0092 0.3)
(0.0092 0.0092 0.3)
)


// ************************************************************************* //
